// Weight parameters for Verilog-A module
// Model: PsiNN_laplace

// fc1_2_weight: shape (20, 1)
.fc1_2_weight[0][0](-8.157656e-01)
.fc1_2_weight[1][0](-8.688112e-01)
.fc1_2_weight[2][0](2.057421e-02)
.fc1_2_weight[3][0](1.038965e-01)
.fc1_2_weight[4][0](-3.372357e-01)
.fc1_2_weight[5][0](-1.404548e-01)
.fc1_2_weight[6][0](-7.897905e-01)
.fc1_2_weight[7][0](6.916702e-01)
.fc1_2_weight[8][0](-9.640698e-01)
.fc1_2_weight[9][0](6.515524e-01)
.fc1_2_weight[10][0](3.717818e-01)
.fc1_2_weight[11][0](9.932315e-02)
.fc1_2_weight[12][0](-8.720551e-01)
.fc1_2_weight[13][0](-9.015837e-01)
.fc1_2_weight[14][0](-6.510341e-02)
.fc1_2_weight[15][0](-1.389629e-01)
.fc1_2_weight[16][0](7.876803e-01)
.fc1_2_weight[17][0](-1.050140e-01)
.fc1_2_weight[18][0](-8.090029e-01)
.fc1_2_weight[19][0](7.754016e-02)
// fc1_2_bias: shape (20,)
.fc1_2_bias[0](-5.665621e-01)
.fc1_2_bias[1](5.053761e-01)
.fc1_2_bias[2](-3.724561e-01)
.fc1_2_bias[3](7.214749e-01)
.fc1_2_bias[4](6.953830e-01)
.fc1_2_bias[5](1.714926e-01)
.fc1_2_bias[6](-1.126444e-01)
.fc1_2_bias[7](6.030071e-01)
.fc1_2_bias[8](4.298878e-01)
.fc1_2_bias[9](3.285227e-01)
.fc1_2_bias[10](2.992457e-01)
.fc1_2_bias[11](-3.891659e-01)
.fc1_2_bias[12](2.766536e-01)
.fc1_2_bias[13](1.132245e-01)
.fc1_2_bias[14](3.199168e-01)
.fc1_2_bias[15](-3.734832e-01)
.fc1_2_bias[16](-2.129594e-01)
.fc1_2_bias[17](-7.329009e-01)
.fc1_2_bias[18](8.302591e-01)
.fc1_2_bias[19](-6.654370e-02)
// fc1_4_weight: shape (20, 1)
.fc1_4_weight[0][0](3.668748e-01)
.fc1_4_weight[1][0](-6.140457e-01)
.fc1_4_weight[2][0](-4.692682e-01)
.fc1_4_weight[3][0](4.739870e-01)
.fc1_4_weight[4][0](2.286872e-01)
.fc1_4_weight[5][0](-9.102548e-01)
.fc1_4_weight[6][0](5.154903e-01)
.fc1_4_weight[7][0](-2.668413e-01)
.fc1_4_weight[8][0](-7.888886e-01)
.fc1_4_weight[9][0](-6.140620e-01)
.fc1_4_weight[10][0](-3.624231e-01)
.fc1_4_weight[11][0](-6.571027e-01)
.fc1_4_weight[12][0](5.552325e-01)
.fc1_4_weight[13][0](-9.238231e-01)
.fc1_4_weight[14][0](-8.745966e-01)
.fc1_4_weight[15][0](-4.848868e-01)
.fc1_4_weight[16][0](-3.580049e-01)
.fc1_4_weight[17][0](4.497968e-01)
.fc1_4_weight[18][0](-3.972684e-01)
.fc1_4_weight[19][0](-7.532758e-01)
// fc2_2_weight: shape (20, 20)
.fc2_2_weight[0][0](-1.069156e-01)
.fc2_2_weight[0][1](2.229978e-01)
.fc2_2_weight[0][2](1.418949e-01)
.fc2_2_weight[0][3](9.682992e-02)
.fc2_2_weight[0][4](1.912444e-01)
.fc2_2_weight[0][5](1.865864e-02)
.fc2_2_weight[0][6](2.017188e-01)
.fc2_2_weight[0][7](-1.436888e-01)
.fc2_2_weight[0][8](-1.049833e-02)
.fc2_2_weight[0][9](-1.834025e-01)
.fc2_2_weight[0][10](6.191787e-02)
.fc2_2_weight[0][11](1.316170e-01)
.fc2_2_weight[0][12](6.485343e-02)
.fc2_2_weight[0][13](-9.786041e-02)
.fc2_2_weight[0][14](1.209069e-01)
.fc2_2_weight[0][15](2.027827e-01)
.fc2_2_weight[0][16](-8.951557e-02)
.fc2_2_weight[0][17](-1.152960e-01)
.fc2_2_weight[0][18](-7.188696e-02)
.fc2_2_weight[0][19](-1.955970e-01)
.fc2_2_weight[1][0](-5.015759e-02)
.fc2_2_weight[1][1](-2.119085e-02)
.fc2_2_weight[1][2](-2.170504e-01)
.fc2_2_weight[1][3](1.008729e-01)
.fc2_2_weight[1][4](4.323274e-02)
.fc2_2_weight[1][5](1.245056e-01)
.fc2_2_weight[1][6](7.585284e-02)
.fc2_2_weight[1][7](5.563018e-02)
.fc2_2_weight[1][8](9.638354e-02)
.fc2_2_weight[1][9](1.615211e-01)
.fc2_2_weight[1][10](5.542293e-02)
.fc2_2_weight[1][11](-2.150042e-01)
.fc2_2_weight[1][12](-2.607213e-02)
.fc2_2_weight[1][13](5.187997e-02)
.fc2_2_weight[1][14](-6.970799e-02)
.fc2_2_weight[1][15](8.932012e-02)
.fc2_2_weight[1][16](1.496900e-01)
.fc2_2_weight[1][17](-2.412851e-02)
.fc2_2_weight[1][18](2.432728e-02)
.fc2_2_weight[1][19](-2.218087e-01)
.fc2_2_weight[2][0](1.895276e-01)
.fc2_2_weight[2][1](1.540527e-01)
.fc2_2_weight[2][2](-1.610676e-01)
.fc2_2_weight[2][3](-3.934965e-03)
.fc2_2_weight[2][4](1.491389e-01)
.fc2_2_weight[2][5](1.162091e-01)
.fc2_2_weight[2][6](-9.158058e-02)
.fc2_2_weight[2][7](1.358383e-01)
.fc2_2_weight[2][8](3.965309e-02)
.fc2_2_weight[2][9](-1.837584e-01)
.fc2_2_weight[2][10](5.317336e-02)
.fc2_2_weight[2][11](-6.799780e-02)
.fc2_2_weight[2][12](5.633882e-02)
.fc2_2_weight[2][13](-6.237996e-02)
.fc2_2_weight[2][14](-2.054967e-01)
.fc2_2_weight[2][15](-1.630733e-01)
.fc2_2_weight[2][16](5.350658e-02)
.fc2_2_weight[2][17](1.454524e-01)
.fc2_2_weight[2][18](-1.373763e-02)
.fc2_2_weight[2][19](-2.010379e-01)
.fc2_2_weight[3][0](-2.956450e-02)
.fc2_2_weight[3][1](1.918165e-01)
.fc2_2_weight[3][2](2.201345e-01)
.fc2_2_weight[3][3](2.507104e-02)
.fc2_2_weight[3][4](-6.489372e-02)
.fc2_2_weight[3][5](4.839173e-02)
.fc2_2_weight[3][6](-1.542480e-01)
.fc2_2_weight[3][7](-5.943775e-02)
.fc2_2_weight[3][8](1.259254e-01)
.fc2_2_weight[3][9](1.167425e-01)
.fc2_2_weight[3][10](8.204204e-02)
.fc2_2_weight[3][11](1.065958e-01)
.fc2_2_weight[3][12](-2.324404e-02)
.fc2_2_weight[3][13](1.008995e-01)
.fc2_2_weight[3][14](-6.023791e-02)
.fc2_2_weight[3][15](1.015151e-01)
.fc2_2_weight[3][16](2.129017e-01)
.fc2_2_weight[3][17](8.256429e-02)
.fc2_2_weight[3][18](-2.310270e-02)
.fc2_2_weight[3][19](1.943457e-01)
.fc2_2_weight[4][0](-1.168357e-01)
.fc2_2_weight[4][1](1.734992e-01)
.fc2_2_weight[4][2](-6.123261e-02)
.fc2_2_weight[4][3](-1.082320e-01)
.fc2_2_weight[4][4](-3.253819e-02)
.fc2_2_weight[4][5](-1.704100e-01)
.fc2_2_weight[4][6](5.691534e-02)
.fc2_2_weight[4][7](1.461461e-01)
.fc2_2_weight[4][8](-1.021445e-01)
.fc2_2_weight[4][9](-9.253092e-02)
.fc2_2_weight[4][10](1.264915e-03)
.fc2_2_weight[4][11](1.948105e-01)
.fc2_2_weight[4][12](1.648352e-01)
.fc2_2_weight[4][13](-1.452635e-01)
.fc2_2_weight[4][14](1.739302e-01)
.fc2_2_weight[4][15](-9.757106e-02)
.fc2_2_weight[4][16](7.420763e-02)
.fc2_2_weight[4][17](1.467453e-02)
.fc2_2_weight[4][18](-2.137821e-01)
.fc2_2_weight[4][19](1.962147e-01)
.fc2_2_weight[5][0](8.350667e-02)
.fc2_2_weight[5][1](-2.148568e-01)
.fc2_2_weight[5][2](-1.275950e-01)
.fc2_2_weight[5][3](-6.329903e-02)
.fc2_2_weight[5][4](1.940828e-01)
.fc2_2_weight[5][5](-7.976447e-02)
.fc2_2_weight[5][6](-6.765090e-02)
.fc2_2_weight[5][7](-6.555036e-03)
.fc2_2_weight[5][8](1.678435e-01)
.fc2_2_weight[5][9](-9.147729e-02)
.fc2_2_weight[5][10](-1.165583e-01)
.fc2_2_weight[5][11](9.222734e-02)
.fc2_2_weight[5][12](-5.669776e-02)
.fc2_2_weight[5][13](1.086316e-01)
.fc2_2_weight[5][14](-2.198501e-01)
.fc2_2_weight[5][15](1.478778e-01)
.fc2_2_weight[5][16](-1.803459e-01)
.fc2_2_weight[5][17](-1.643687e-01)
.fc2_2_weight[5][18](-6.734291e-02)
.fc2_2_weight[5][19](-7.560998e-02)
.fc2_2_weight[6][0](-2.016437e-01)
.fc2_2_weight[6][1](1.316756e-03)
.fc2_2_weight[6][2](-1.331089e-01)
.fc2_2_weight[6][3](6.027758e-02)
.fc2_2_weight[6][4](1.342629e-01)
.fc2_2_weight[6][5](-1.348417e-01)
.fc2_2_weight[6][6](-1.688975e-01)
.fc2_2_weight[6][7](1.366890e-01)
.fc2_2_weight[6][8](-1.647968e-01)
.fc2_2_weight[6][9](-6.511113e-02)
.fc2_2_weight[6][10](4.442075e-02)
.fc2_2_weight[6][11](9.346095e-02)
.fc2_2_weight[6][12](8.648264e-02)
.fc2_2_weight[6][13](1.216430e-01)
.fc2_2_weight[6][14](-2.103582e-03)
.fc2_2_weight[6][15](-5.411404e-02)
.fc2_2_weight[6][16](9.234026e-02)
.fc2_2_weight[6][17](9.536567e-02)
.fc2_2_weight[6][18](8.122522e-02)
.fc2_2_weight[6][19](2.918199e-02)
.fc2_2_weight[7][0](9.466937e-02)
.fc2_2_weight[7][1](-2.155688e-01)
.fc2_2_weight[7][2](-2.602880e-02)
.fc2_2_weight[7][3](-7.067221e-02)
.fc2_2_weight[7][4](2.443314e-02)
.fc2_2_weight[7][5](1.289600e-01)
.fc2_2_weight[7][6](1.594803e-01)
.fc2_2_weight[7][7](-8.874726e-02)
.fc2_2_weight[7][8](-1.049858e-01)
.fc2_2_weight[7][9](6.097513e-02)
.fc2_2_weight[7][10](-1.768896e-02)
.fc2_2_weight[7][11](9.418592e-02)
.fc2_2_weight[7][12](-8.255248e-02)
.fc2_2_weight[7][13](-1.962506e-01)
.fc2_2_weight[7][14](9.520957e-02)
.fc2_2_weight[7][15](1.942160e-01)
.fc2_2_weight[7][16](1.742481e-01)
.fc2_2_weight[7][17](-1.130685e-01)
.fc2_2_weight[7][18](2.613160e-02)
.fc2_2_weight[7][19](1.613665e-01)
.fc2_2_weight[8][0](8.160904e-02)
.fc2_2_weight[8][1](-1.211912e-01)
.fc2_2_weight[8][2](2.799332e-03)
.fc2_2_weight[8][3](-1.014027e-01)
.fc2_2_weight[8][4](6.220964e-02)
.fc2_2_weight[8][5](4.920170e-02)
.fc2_2_weight[8][6](-1.530878e-01)
.fc2_2_weight[8][7](-2.467248e-02)
.fc2_2_weight[8][8](3.351793e-02)
.fc2_2_weight[8][9](-1.252386e-01)
.fc2_2_weight[8][10](-1.699950e-01)
.fc2_2_weight[8][11](1.751750e-01)
.fc2_2_weight[8][12](1.945300e-01)
.fc2_2_weight[8][13](-7.396959e-02)
.fc2_2_weight[8][14](1.382251e-01)
.fc2_2_weight[8][15](1.298867e-01)
.fc2_2_weight[8][16](-5.209570e-02)
.fc2_2_weight[8][17](-1.484320e-01)
.fc2_2_weight[8][18](1.980973e-01)
.fc2_2_weight[8][19](1.856420e-01)
.fc2_2_weight[9][0](6.285506e-02)
.fc2_2_weight[9][1](-5.013488e-02)
.fc2_2_weight[9][2](1.979690e-01)
.fc2_2_weight[9][3](2.116891e-01)
.fc2_2_weight[9][4](-1.698567e-01)
.fc2_2_weight[9][5](-4.593667e-02)
.fc2_2_weight[9][6](1.945950e-01)
.fc2_2_weight[9][7](7.288969e-02)
.fc2_2_weight[9][8](-1.894203e-01)
.fc2_2_weight[9][9](9.952736e-02)
.fc2_2_weight[9][10](1.090326e-01)
.fc2_2_weight[9][11](-1.557686e-01)
.fc2_2_weight[9][12](-4.035501e-02)
.fc2_2_weight[9][13](-3.131521e-02)
.fc2_2_weight[9][14](-1.228119e-02)
.fc2_2_weight[9][15](-2.139725e-01)
.fc2_2_weight[9][16](-6.247656e-02)
.fc2_2_weight[9][17](-4.752286e-02)
.fc2_2_weight[9][18](-8.424529e-02)
.fc2_2_weight[9][19](5.506200e-02)
.fc2_2_weight[10][0](7.107931e-02)
.fc2_2_weight[10][1](3.980055e-03)
.fc2_2_weight[10][2](2.765200e-02)
.fc2_2_weight[10][3](-9.098509e-02)
.fc2_2_weight[10][4](-6.031492e-02)
.fc2_2_weight[10][5](6.316108e-02)
.fc2_2_weight[10][6](1.188155e-01)
.fc2_2_weight[10][7](3.772229e-03)
.fc2_2_weight[10][8](-1.799318e-02)
.fc2_2_weight[10][9](1.948837e-01)
.fc2_2_weight[10][10](1.805702e-02)
.fc2_2_weight[10][11](-1.678688e-01)
.fc2_2_weight[10][12](-1.495625e-01)
.fc2_2_weight[10][13](-2.052568e-01)
.fc2_2_weight[10][14](9.738609e-03)
.fc2_2_weight[10][15](6.144050e-02)
.fc2_2_weight[10][16](-6.681488e-02)
.fc2_2_weight[10][17](2.016933e-01)
.fc2_2_weight[10][18](9.228805e-02)
.fc2_2_weight[10][19](-1.019678e-01)
.fc2_2_weight[11][0](4.862124e-02)
.fc2_2_weight[11][1](1.059774e-01)
.fc2_2_weight[11][2](-9.598018e-02)
.fc2_2_weight[11][3](-1.528138e-01)
.fc2_2_weight[11][4](6.681386e-02)
.fc2_2_weight[11][5](-9.050456e-02)
.fc2_2_weight[11][6](5.464354e-02)
.fc2_2_weight[11][7](-8.941144e-03)
.fc2_2_weight[11][8](-1.318166e-02)
.fc2_2_weight[11][9](5.180579e-02)
.fc2_2_weight[11][10](1.403322e-01)
.fc2_2_weight[11][11](1.905698e-01)
.fc2_2_weight[11][12](-1.148592e-01)
.fc2_2_weight[11][13](5.734211e-02)
.fc2_2_weight[11][14](1.142011e-01)
.fc2_2_weight[11][15](-1.144297e-01)
.fc2_2_weight[11][16](-1.476990e-01)
.fc2_2_weight[11][17](1.148829e-01)
.fc2_2_weight[11][18](-5.080931e-02)
.fc2_2_weight[11][19](1.532036e-01)
.fc2_2_weight[12][0](-1.852053e-02)
.fc2_2_weight[12][1](1.518328e-02)
.fc2_2_weight[12][2](-8.523394e-02)
.fc2_2_weight[12][3](1.080157e-01)
.fc2_2_weight[12][4](-2.107095e-01)
.fc2_2_weight[12][5](4.862535e-02)
.fc2_2_weight[12][6](-1.300170e-01)
.fc2_2_weight[12][7](1.841738e-01)
.fc2_2_weight[12][8](1.464918e-01)
.fc2_2_weight[12][9](-6.291911e-03)
.fc2_2_weight[12][10](-1.544379e-01)
.fc2_2_weight[12][11](1.742309e-02)
.fc2_2_weight[12][12](5.018875e-03)
.fc2_2_weight[12][13](1.833723e-01)
.fc2_2_weight[12][14](-1.758245e-01)
.fc2_2_weight[12][15](-3.342290e-02)
.fc2_2_weight[12][16](1.517682e-01)
.fc2_2_weight[12][17](-1.999524e-01)
.fc2_2_weight[12][18](2.142245e-01)
.fc2_2_weight[12][19](1.314819e-01)
.fc2_2_weight[13][0](4.541957e-02)
.fc2_2_weight[13][1](-3.834133e-02)
.fc2_2_weight[13][2](3.204218e-02)
.fc2_2_weight[13][3](-3.886764e-02)
.fc2_2_weight[13][4](3.787944e-02)
.fc2_2_weight[13][5](3.897443e-02)
.fc2_2_weight[13][6](-1.631552e-01)
.fc2_2_weight[13][7](-1.736758e-01)
.fc2_2_weight[13][8](5.595118e-03)
.fc2_2_weight[13][9](2.008997e-02)
.fc2_2_weight[13][10](-8.764541e-02)
.fc2_2_weight[13][11](-2.114470e-01)
.fc2_2_weight[13][12](-1.369355e-01)
.fc2_2_weight[13][13](-4.763439e-02)
.fc2_2_weight[13][14](-1.473467e-01)
.fc2_2_weight[13][15](2.055423e-01)
.fc2_2_weight[13][16](6.300086e-02)
.fc2_2_weight[13][17](-1.023494e-01)
.fc2_2_weight[13][18](1.347256e-01)
.fc2_2_weight[13][19](1.075608e-02)
.fc2_2_weight[14][0](-1.833595e-01)
.fc2_2_weight[14][1](-1.728095e-01)
.fc2_2_weight[14][2](-1.948738e-01)
.fc2_2_weight[14][3](1.091991e-01)
.fc2_2_weight[14][4](-1.198661e-02)
.fc2_2_weight[14][5](8.298826e-02)
.fc2_2_weight[14][6](8.483380e-03)
.fc2_2_weight[14][7](1.705129e-02)
.fc2_2_weight[14][8](8.122656e-02)
.fc2_2_weight[14][9](-2.107821e-02)
.fc2_2_weight[14][10](-1.650163e-01)
.fc2_2_weight[14][11](-4.833798e-02)
.fc2_2_weight[14][12](-8.786148e-02)
.fc2_2_weight[14][13](-1.679957e-02)
.fc2_2_weight[14][14](-1.293655e-01)
.fc2_2_weight[14][15](-1.609732e-01)
.fc2_2_weight[14][16](7.101730e-02)
.fc2_2_weight[14][17](1.348165e-01)
.fc2_2_weight[14][18](-1.699205e-01)
.fc2_2_weight[14][19](3.063640e-02)
.fc2_2_weight[15][0](3.580204e-02)
.fc2_2_weight[15][1](5.086046e-02)
.fc2_2_weight[15][2](-6.167801e-02)
.fc2_2_weight[15][3](-8.590756e-02)
.fc2_2_weight[15][4](-1.459940e-01)
.fc2_2_weight[15][5](1.936781e-01)
.fc2_2_weight[15][6](3.414741e-02)
.fc2_2_weight[15][7](1.213001e-01)
.fc2_2_weight[15][8](1.765666e-01)
.fc2_2_weight[15][9](-1.986428e-01)
.fc2_2_weight[15][10](8.000791e-02)
.fc2_2_weight[15][11](-1.497850e-01)
.fc2_2_weight[15][12](-1.786470e-01)
.fc2_2_weight[15][13](-2.677888e-04)
.fc2_2_weight[15][14](-3.916210e-02)
.fc2_2_weight[15][15](2.727658e-03)
.fc2_2_weight[15][16](2.206456e-01)
.fc2_2_weight[15][17](5.643132e-02)
.fc2_2_weight[15][18](2.752942e-02)
.fc2_2_weight[15][19](2.145289e-01)
.fc2_2_weight[16][0](5.365682e-02)
.fc2_2_weight[16][1](-1.499739e-01)
.fc2_2_weight[16][2](1.195328e-01)
.fc2_2_weight[16][3](9.889403e-02)
.fc2_2_weight[16][4](-3.274162e-02)
.fc2_2_weight[16][5](1.501477e-01)
.fc2_2_weight[16][6](2.241738e-02)
.fc2_2_weight[16][7](-1.980640e-01)
.fc2_2_weight[16][8](-4.052012e-02)
.fc2_2_weight[16][9](4.526785e-02)
.fc2_2_weight[16][10](-6.137657e-02)
.fc2_2_weight[16][11](1.819289e-01)
.fc2_2_weight[16][12](4.951966e-02)
.fc2_2_weight[16][13](-1.486576e-01)
.fc2_2_weight[16][14](1.693003e-01)
.fc2_2_weight[16][15](-1.750384e-01)
.fc2_2_weight[16][16](-1.245051e-01)
.fc2_2_weight[16][17](2.868873e-02)
.fc2_2_weight[16][18](1.596451e-01)
.fc2_2_weight[16][19](1.078359e-01)
.fc2_2_weight[17][0](-7.014683e-02)
.fc2_2_weight[17][1](-1.405139e-01)
.fc2_2_weight[17][2](-1.941498e-01)
.fc2_2_weight[17][3](5.283982e-02)
.fc2_2_weight[17][4](5.949396e-02)
.fc2_2_weight[17][5](-4.238212e-02)
.fc2_2_weight[17][6](-1.602635e-01)
.fc2_2_weight[17][7](1.056542e-01)
.fc2_2_weight[17][8](1.461935e-01)
.fc2_2_weight[17][9](2.756637e-02)
.fc2_2_weight[17][10](-1.751952e-01)
.fc2_2_weight[17][11](4.728460e-02)
.fc2_2_weight[17][12](-6.494656e-03)
.fc2_2_weight[17][13](-1.298157e-01)
.fc2_2_weight[17][14](2.166701e-01)
.fc2_2_weight[17][15](3.818047e-02)
.fc2_2_weight[17][16](1.303313e-01)
.fc2_2_weight[17][17](-2.038779e-01)
.fc2_2_weight[17][18](1.364979e-01)
.fc2_2_weight[17][19](1.029763e-01)
.fc2_2_weight[18][0](3.591380e-02)
.fc2_2_weight[18][1](5.567059e-02)
.fc2_2_weight[18][2](-1.967628e-01)
.fc2_2_weight[18][3](2.029037e-01)
.fc2_2_weight[18][4](1.524528e-01)
.fc2_2_weight[18][5](-2.123816e-01)
.fc2_2_weight[18][6](3.127542e-02)
.fc2_2_weight[18][7](1.648959e-01)
.fc2_2_weight[18][8](-1.867499e-01)
.fc2_2_weight[18][9](-1.291463e-01)
.fc2_2_weight[18][10](-3.956813e-02)
.fc2_2_weight[18][11](2.163087e-01)
.fc2_2_weight[18][12](1.413800e-01)
.fc2_2_weight[18][13](1.773874e-01)
.fc2_2_weight[18][14](-2.064824e-01)
.fc2_2_weight[18][15](1.295167e-02)
.fc2_2_weight[18][16](9.747148e-03)
.fc2_2_weight[18][17](2.003264e-01)
.fc2_2_weight[18][18](1.748294e-01)
.fc2_2_weight[18][19](3.165638e-02)
.fc2_2_weight[19][0](-1.222357e-01)
.fc2_2_weight[19][1](2.204292e-01)
.fc2_2_weight[19][2](9.697339e-02)
.fc2_2_weight[19][3](1.527026e-01)
.fc2_2_weight[19][4](-2.162730e-01)
.fc2_2_weight[19][5](1.994348e-01)
.fc2_2_weight[19][6](-1.138695e-01)
.fc2_2_weight[19][7](1.720144e-01)
.fc2_2_weight[19][8](6.812605e-02)
.fc2_2_weight[19][9](5.991939e-02)
.fc2_2_weight[19][10](1.515620e-01)
.fc2_2_weight[19][11](-1.323442e-01)
.fc2_2_weight[19][12](-2.533528e-02)
.fc2_2_weight[19][13](-1.752747e-01)
.fc2_2_weight[19][14](2.116901e-01)
.fc2_2_weight[19][15](-8.060169e-02)
.fc2_2_weight[19][16](-1.955006e-01)
.fc2_2_weight[19][17](1.021743e-02)
.fc2_2_weight[19][18](-1.522025e-01)
.fc2_2_weight[19][19](-7.527979e-02)
// fc2_2_bias: shape (20,)
.fc2_2_bias[0](-1.741049e-01)
.fc2_2_bias[1](-1.454965e-01)
.fc2_2_bias[2](-1.706307e-01)
.fc2_2_bias[3](-1.274631e-01)
.fc2_2_bias[4](-1.742404e-01)
.fc2_2_bias[5](-7.949670e-02)
.fc2_2_bias[6](1.033942e-01)
.fc2_2_bias[7](-1.985077e-01)
.fc2_2_bias[8](1.214601e-01)
.fc2_2_bias[9](-1.436022e-01)
.fc2_2_bias[10](3.799936e-02)
.fc2_2_bias[11](2.171866e-01)
.fc2_2_bias[12](1.887783e-01)
.fc2_2_bias[13](6.128782e-02)
.fc2_2_bias[14](-5.065684e-02)
.fc2_2_bias[15](-1.359349e-01)
.fc2_2_bias[16](-1.819785e-01)
.fc2_2_bias[17](1.090249e-02)
.fc2_2_bias[18](-1.828500e-01)
.fc2_2_bias[19](1.268297e-01)
// fc2_4_weight: shape (20, 20)
.fc2_4_weight[0][0](-1.876783e-01)
.fc2_4_weight[0][1](-4.335837e-02)
.fc2_4_weight[0][2](-6.092459e-02)
.fc2_4_weight[0][3](1.070877e-01)
.fc2_4_weight[0][4](1.768920e-02)
.fc2_4_weight[0][5](-2.008355e-01)
.fc2_4_weight[0][6](2.666250e-02)
.fc2_4_weight[0][7](8.711660e-02)
.fc2_4_weight[0][8](1.192216e-01)
.fc2_4_weight[0][9](2.082380e-01)
.fc2_4_weight[0][10](2.548856e-02)
.fc2_4_weight[0][11](-8.365348e-02)
.fc2_4_weight[0][12](-5.356708e-02)
.fc2_4_weight[0][13](1.709586e-01)
.fc2_4_weight[0][14](-4.881048e-02)
.fc2_4_weight[0][15](-9.091951e-02)
.fc2_4_weight[0][16](-2.043484e-01)
.fc2_4_weight[0][17](2.179454e-01)
.fc2_4_weight[0][18](-5.373707e-02)
.fc2_4_weight[0][19](1.592638e-02)
.fc2_4_weight[1][0](-1.006784e-01)
.fc2_4_weight[1][1](-9.573297e-02)
.fc2_4_weight[1][2](1.723871e-02)
.fc2_4_weight[1][3](1.068624e-01)
.fc2_4_weight[1][4](1.110615e-01)
.fc2_4_weight[1][5](-3.877614e-02)
.fc2_4_weight[1][6](-1.133690e-01)
.fc2_4_weight[1][7](-3.567912e-02)
.fc2_4_weight[1][8](-1.281698e-01)
.fc2_4_weight[1][9](-1.890425e-01)
.fc2_4_weight[1][10](1.145312e-01)
.fc2_4_weight[1][11](-7.937770e-02)
.fc2_4_weight[1][12](2.196837e-01)
.fc2_4_weight[1][13](-2.523522e-02)
.fc2_4_weight[1][14](-2.802095e-02)
.fc2_4_weight[1][15](3.956255e-02)
.fc2_4_weight[1][16](-4.957706e-02)
.fc2_4_weight[1][17](-2.069058e-01)
.fc2_4_weight[1][18](-9.555328e-02)
.fc2_4_weight[1][19](-3.399403e-02)
.fc2_4_weight[2][0](-2.079397e-02)
.fc2_4_weight[2][1](4.638854e-02)
.fc2_4_weight[2][2](4.094991e-02)
.fc2_4_weight[2][3](2.043010e-01)
.fc2_4_weight[2][4](1.345940e-01)
.fc2_4_weight[2][5](2.152521e-01)
.fc2_4_weight[2][6](-2.000673e-01)
.fc2_4_weight[2][7](-2.142728e-01)
.fc2_4_weight[2][8](-9.878802e-02)
.fc2_4_weight[2][9](-1.248012e-02)
.fc2_4_weight[2][10](1.323001e-01)
.fc2_4_weight[2][11](5.800217e-02)
.fc2_4_weight[2][12](1.528589e-01)
.fc2_4_weight[2][13](-1.836452e-01)
.fc2_4_weight[2][14](1.802848e-01)
.fc2_4_weight[2][15](-2.143194e-02)
.fc2_4_weight[2][16](2.650601e-02)
.fc2_4_weight[2][17](1.152135e-01)
.fc2_4_weight[2][18](-5.003688e-02)
.fc2_4_weight[2][19](-6.913382e-02)
.fc2_4_weight[3][0](1.063198e-01)
.fc2_4_weight[3][1](1.767319e-02)
.fc2_4_weight[3][2](-1.055136e-01)
.fc2_4_weight[3][3](1.613362e-02)
.fc2_4_weight[3][4](5.276516e-02)
.fc2_4_weight[3][5](-1.355172e-01)
.fc2_4_weight[3][6](1.268017e-01)
.fc2_4_weight[3][7](1.370018e-01)
.fc2_4_weight[3][8](-1.464301e-01)
.fc2_4_weight[3][9](6.496301e-02)
.fc2_4_weight[3][10](2.027412e-01)
.fc2_4_weight[3][11](-1.775378e-01)
.fc2_4_weight[3][12](-1.244496e-01)
.fc2_4_weight[3][13](-5.932865e-02)
.fc2_4_weight[3][14](-2.166276e-02)
.fc2_4_weight[3][15](9.697634e-02)
.fc2_4_weight[3][16](1.495317e-03)
.fc2_4_weight[3][17](6.937140e-02)
.fc2_4_weight[3][18](-2.220125e-01)
.fc2_4_weight[3][19](-1.754772e-01)
.fc2_4_weight[4][0](2.253069e-02)
.fc2_4_weight[4][1](5.332756e-02)
.fc2_4_weight[4][2](-1.643871e-01)
.fc2_4_weight[4][3](2.167262e-01)
.fc2_4_weight[4][4](-1.691102e-01)
.fc2_4_weight[4][5](-2.223261e-01)
.fc2_4_weight[4][6](-1.014181e-01)
.fc2_4_weight[4][7](-7.980801e-02)
.fc2_4_weight[4][8](-7.674606e-02)
.fc2_4_weight[4][9](1.274343e-01)
.fc2_4_weight[4][10](2.042560e-01)
.fc2_4_weight[4][11](-4.470545e-02)
.fc2_4_weight[4][12](-9.209935e-02)
.fc2_4_weight[4][13](1.690749e-01)
.fc2_4_weight[4][14](-1.539336e-01)
.fc2_4_weight[4][15](-9.866636e-02)
.fc2_4_weight[4][16](-6.075412e-03)
.fc2_4_weight[4][17](-2.121138e-01)
.fc2_4_weight[4][18](-6.874055e-04)
.fc2_4_weight[4][19](2.043473e-01)
.fc2_4_weight[5][0](1.352894e-01)
.fc2_4_weight[5][1](-1.392005e-01)
.fc2_4_weight[5][2](-8.499646e-02)
.fc2_4_weight[5][3](-8.465023e-02)
.fc2_4_weight[5][4](1.241242e-01)
.fc2_4_weight[5][5](-1.465216e-01)
.fc2_4_weight[5][6](-1.238264e-01)
.fc2_4_weight[5][7](-1.422310e-01)
.fc2_4_weight[5][8](-1.825713e-01)
.fc2_4_weight[5][9](1.912287e-01)
.fc2_4_weight[5][10](-3.373730e-02)
.fc2_4_weight[5][11](3.032157e-02)
.fc2_4_weight[5][12](-2.129950e-01)
.fc2_4_weight[5][13](-3.218396e-02)
.fc2_4_weight[5][14](1.060650e-03)
.fc2_4_weight[5][15](-1.395416e-01)
.fc2_4_weight[5][16](3.876051e-02)
.fc2_4_weight[5][17](8.533621e-02)
.fc2_4_weight[5][18](-4.252355e-02)
.fc2_4_weight[5][19](-1.828879e-01)
.fc2_4_weight[6][0](3.602269e-02)
.fc2_4_weight[6][1](1.118199e-01)
.fc2_4_weight[6][2](7.519472e-02)
.fc2_4_weight[6][3](7.507566e-02)
.fc2_4_weight[6][4](1.159795e-01)
.fc2_4_weight[6][5](3.984824e-02)
.fc2_4_weight[6][6](-1.195922e-01)
.fc2_4_weight[6][7](-7.657900e-02)
.fc2_4_weight[6][8](9.657192e-02)
.fc2_4_weight[6][9](-1.109606e-01)
.fc2_4_weight[6][10](7.791200e-02)
.fc2_4_weight[6][11](2.002508e-01)
.fc2_4_weight[6][12](-1.014911e-01)
.fc2_4_weight[6][13](-2.053037e-02)
.fc2_4_weight[6][14](-2.991614e-02)
.fc2_4_weight[6][15](-2.357583e-02)
.fc2_4_weight[6][16](-9.838767e-02)
.fc2_4_weight[6][17](-8.065090e-03)
.fc2_4_weight[6][18](1.175370e-01)
.fc2_4_weight[6][19](-1.478721e-02)
.fc2_4_weight[7][0](2.905944e-02)
.fc2_4_weight[7][1](-7.871287e-02)
.fc2_4_weight[7][2](-3.790069e-02)
.fc2_4_weight[7][3](1.728916e-01)
.fc2_4_weight[7][4](1.136276e-01)
.fc2_4_weight[7][5](-1.758023e-01)
.fc2_4_weight[7][6](1.805080e-01)
.fc2_4_weight[7][7](-1.361769e-01)
.fc2_4_weight[7][8](-7.672332e-02)
.fc2_4_weight[7][9](2.090078e-01)
.fc2_4_weight[7][10](-6.275405e-02)
.fc2_4_weight[7][11](4.844218e-03)
.fc2_4_weight[7][12](-2.936676e-02)
.fc2_4_weight[7][13](-1.721129e-01)
.fc2_4_weight[7][14](1.168784e-01)
.fc2_4_weight[7][15](1.667312e-01)
.fc2_4_weight[7][16](-9.516631e-02)
.fc2_4_weight[7][17](9.991342e-02)
.fc2_4_weight[7][18](3.752610e-02)
.fc2_4_weight[7][19](1.069027e-01)
.fc2_4_weight[8][0](1.660691e-01)
.fc2_4_weight[8][1](-2.052095e-01)
.fc2_4_weight[8][2](1.182696e-01)
.fc2_4_weight[8][3](-7.917628e-03)
.fc2_4_weight[8][4](-1.802918e-01)
.fc2_4_weight[8][5](-2.090240e-02)
.fc2_4_weight[8][6](-9.054531e-02)
.fc2_4_weight[8][7](-9.121110e-02)
.fc2_4_weight[8][8](1.999966e-01)
.fc2_4_weight[8][9](1.119387e-01)
.fc2_4_weight[8][10](-1.599338e-01)
.fc2_4_weight[8][11](-1.892070e-01)
.fc2_4_weight[8][12](-1.175957e-01)
.fc2_4_weight[8][13](-1.646250e-01)
.fc2_4_weight[8][14](5.796620e-02)
.fc2_4_weight[8][15](-1.313092e-01)
.fc2_4_weight[8][16](8.364978e-02)
.fc2_4_weight[8][17](-9.287971e-02)
.fc2_4_weight[8][18](-1.668458e-02)
.fc2_4_weight[8][19](2.708897e-03)
.fc2_4_weight[9][0](1.075586e-01)
.fc2_4_weight[9][1](-1.042935e-01)
.fc2_4_weight[9][2](2.009266e-01)
.fc2_4_weight[9][3](9.040758e-03)
.fc2_4_weight[9][4](9.945828e-02)
.fc2_4_weight[9][5](-4.074973e-02)
.fc2_4_weight[9][6](1.837414e-01)
.fc2_4_weight[9][7](-5.472150e-02)
.fc2_4_weight[9][8](4.069394e-02)
.fc2_4_weight[9][9](-2.172114e-01)
.fc2_4_weight[9][10](5.648217e-02)
.fc2_4_weight[9][11](4.000041e-02)
.fc2_4_weight[9][12](3.407994e-02)
.fc2_4_weight[9][13](1.469527e-01)
.fc2_4_weight[9][14](-4.380363e-02)
.fc2_4_weight[9][15](-6.206763e-02)
.fc2_4_weight[9][16](-1.454944e-01)
.fc2_4_weight[9][17](-6.314845e-02)
.fc2_4_weight[9][18](-8.637276e-02)
.fc2_4_weight[9][19](2.207036e-01)
.fc2_4_weight[10][0](4.161909e-02)
.fc2_4_weight[10][1](1.207562e-01)
.fc2_4_weight[10][2](-1.134648e-01)
.fc2_4_weight[10][3](-1.508095e-01)
.fc2_4_weight[10][4](-2.081540e-01)
.fc2_4_weight[10][5](-1.374474e-01)
.fc2_4_weight[10][6](-9.572341e-02)
.fc2_4_weight[10][7](3.800580e-02)
.fc2_4_weight[10][8](1.703768e-01)
.fc2_4_weight[10][9](-8.378416e-03)
.fc2_4_weight[10][10](-2.064697e-01)
.fc2_4_weight[10][11](-1.499107e-01)
.fc2_4_weight[10][12](2.085550e-01)
.fc2_4_weight[10][13](1.448641e-01)
.fc2_4_weight[10][14](-1.734602e-01)
.fc2_4_weight[10][15](-1.415341e-01)
.fc2_4_weight[10][16](1.382066e-01)
.fc2_4_weight[10][17](-6.927985e-02)
.fc2_4_weight[10][18](3.320777e-02)
.fc2_4_weight[10][19](-1.327733e-01)
.fc2_4_weight[11][0](-6.732036e-02)
.fc2_4_weight[11][1](-6.146553e-02)
.fc2_4_weight[11][2](-1.714275e-01)
.fc2_4_weight[11][3](1.299298e-01)
.fc2_4_weight[11][4](5.728078e-02)
.fc2_4_weight[11][5](8.737186e-02)
.fc2_4_weight[11][6](1.539239e-01)
.fc2_4_weight[11][7](-1.981126e-01)
.fc2_4_weight[11][8](6.648958e-02)
.fc2_4_weight[11][9](-1.512784e-01)
.fc2_4_weight[11][10](-4.440822e-02)
.fc2_4_weight[11][11](-5.509762e-02)
.fc2_4_weight[11][12](-6.510386e-02)
.fc2_4_weight[11][13](1.898911e-01)
.fc2_4_weight[11][14](-1.449733e-01)
.fc2_4_weight[11][15](1.360280e-01)
.fc2_4_weight[11][16](2.207594e-01)
.fc2_4_weight[11][17](-5.201232e-02)
.fc2_4_weight[11][18](-2.139266e-01)
.fc2_4_weight[11][19](4.121393e-03)
.fc2_4_weight[12][0](4.267183e-02)
.fc2_4_weight[12][1](2.868402e-02)
.fc2_4_weight[12][2](1.870947e-01)
.fc2_4_weight[12][3](2.680299e-02)
.fc2_4_weight[12][4](-2.227081e-01)
.fc2_4_weight[12][5](-6.296591e-02)
.fc2_4_weight[12][6](-8.425628e-02)
.fc2_4_weight[12][7](-1.180524e-01)
.fc2_4_weight[12][8](-1.185969e-01)
.fc2_4_weight[12][9](-1.993906e-01)
.fc2_4_weight[12][10](2.981734e-02)
.fc2_4_weight[12][11](3.204793e-02)
.fc2_4_weight[12][12](-1.232761e-01)
.fc2_4_weight[12][13](-4.274815e-02)
.fc2_4_weight[12][14](-6.392287e-02)
.fc2_4_weight[12][15](4.162443e-02)
.fc2_4_weight[12][16](-2.641121e-02)
.fc2_4_weight[12][17](-9.599574e-02)
.fc2_4_weight[12][18](-1.463705e-01)
.fc2_4_weight[12][19](-2.129454e-01)
.fc2_4_weight[13][0](-1.332684e-01)
.fc2_4_weight[13][1](8.503518e-02)
.fc2_4_weight[13][2](1.875782e-01)
.fc2_4_weight[13][3](3.818697e-02)
.fc2_4_weight[13][4](8.716038e-02)
.fc2_4_weight[13][5](1.559899e-01)
.fc2_4_weight[13][6](2.116379e-01)
.fc2_4_weight[13][7](-1.742791e-01)
.fc2_4_weight[13][8](1.377215e-01)
.fc2_4_weight[13][9](1.735138e-01)
.fc2_4_weight[13][10](1.165041e-02)
.fc2_4_weight[13][11](-2.183406e-01)
.fc2_4_weight[13][12](1.887465e-01)
.fc2_4_weight[13][13](1.343518e-01)
.fc2_4_weight[13][14](1.171556e-01)
.fc2_4_weight[13][15](1.874968e-01)
.fc2_4_weight[13][16](4.276648e-02)
.fc2_4_weight[13][17](1.904137e-01)
.fc2_4_weight[13][18](-2.014976e-01)
.fc2_4_weight[13][19](2.019866e-01)
.fc2_4_weight[14][0](-2.135698e-02)
.fc2_4_weight[14][1](-1.850226e-01)
.fc2_4_weight[14][2](-1.724540e-01)
.fc2_4_weight[14][3](-1.474786e-01)
.fc2_4_weight[14][4](1.992159e-02)
.fc2_4_weight[14][5](1.951405e-01)
.fc2_4_weight[14][6](1.107752e-04)
.fc2_4_weight[14][7](3.477070e-02)
.fc2_4_weight[14][8](-1.456301e-01)
.fc2_4_weight[14][9](-7.720140e-02)
.fc2_4_weight[14][10](-1.343544e-01)
.fc2_4_weight[14][11](5.467758e-03)
.fc2_4_weight[14][12](5.819926e-02)
.fc2_4_weight[14][13](9.716281e-02)
.fc2_4_weight[14][14](4.925287e-02)
.fc2_4_weight[14][15](9.847254e-02)
.fc2_4_weight[14][16](-1.277978e-01)
.fc2_4_weight[14][17](-1.975739e-01)
.fc2_4_weight[14][18](-1.375943e-01)
.fc2_4_weight[14][19](2.205943e-01)
.fc2_4_weight[15][0](-1.571333e-01)
.fc2_4_weight[15][1](-1.989094e-01)
.fc2_4_weight[15][2](-1.243450e-01)
.fc2_4_weight[15][3](-2.176360e-01)
.fc2_4_weight[15][4](6.079903e-02)
.fc2_4_weight[15][5](-6.115618e-02)
.fc2_4_weight[15][6](1.968172e-01)
.fc2_4_weight[15][7](-2.016585e-01)
.fc2_4_weight[15][8](-1.390581e-01)
.fc2_4_weight[15][9](-6.846392e-02)
.fc2_4_weight[15][10](-2.047097e-01)
.fc2_4_weight[15][11](-2.996492e-02)
.fc2_4_weight[15][12](-1.823682e-01)
.fc2_4_weight[15][13](-2.219025e-01)
.fc2_4_weight[15][14](-1.496722e-01)
.fc2_4_weight[15][15](-1.380861e-01)
.fc2_4_weight[15][16](1.269506e-01)
.fc2_4_weight[15][17](3.370568e-02)
.fc2_4_weight[15][18](6.679982e-02)
.fc2_4_weight[15][19](7.226327e-02)
.fc2_4_weight[16][0](2.181246e-01)
.fc2_4_weight[16][1](-2.036659e-01)
.fc2_4_weight[16][2](-1.041268e-01)
.fc2_4_weight[16][3](-1.767678e-01)
.fc2_4_weight[16][4](1.667133e-02)
.fc2_4_weight[16][5](1.638728e-01)
.fc2_4_weight[16][6](3.823355e-03)
.fc2_4_weight[16][7](-9.344205e-03)
.fc2_4_weight[16][8](2.214046e-01)
.fc2_4_weight[16][9](-1.055996e-01)
.fc2_4_weight[16][10](-8.238164e-02)
.fc2_4_weight[16][11](9.044978e-02)
.fc2_4_weight[16][12](1.491579e-01)
.fc2_4_weight[16][13](-2.052918e-01)
.fc2_4_weight[16][14](8.835095e-02)
.fc2_4_weight[16][15](-1.001143e-02)
.fc2_4_weight[16][16](-2.081454e-01)
.fc2_4_weight[16][17](9.021884e-02)
.fc2_4_weight[16][18](1.087427e-01)
.fc2_4_weight[16][19](2.180751e-01)
.fc2_4_weight[17][0](1.959197e-01)
.fc2_4_weight[17][1](-1.271743e-01)
.fc2_4_weight[17][2](-1.484204e-01)
.fc2_4_weight[17][3](-9.038548e-02)
.fc2_4_weight[17][4](1.943688e-01)
.fc2_4_weight[17][5](4.251304e-02)
.fc2_4_weight[17][6](2.258901e-02)
.fc2_4_weight[17][7](-1.955259e-01)
.fc2_4_weight[17][8](1.368016e-01)
.fc2_4_weight[17][9](-6.143942e-02)
.fc2_4_weight[17][10](-1.169224e-01)
.fc2_4_weight[17][11](-5.089419e-02)
.fc2_4_weight[17][12](1.040341e-01)
.fc2_4_weight[17][13](-5.076471e-02)
.fc2_4_weight[17][14](7.964939e-02)
.fc2_4_weight[17][15](7.803705e-02)
.fc2_4_weight[17][16](8.529803e-02)
.fc2_4_weight[17][17](7.822892e-02)
.fc2_4_weight[17][18](-9.459521e-02)
.fc2_4_weight[17][19](5.453312e-02)
.fc2_4_weight[18][0](1.513825e-01)
.fc2_4_weight[18][1](-1.493038e-01)
.fc2_4_weight[18][2](1.565249e-01)
.fc2_4_weight[18][3](-1.313433e-01)
.fc2_4_weight[18][4](-5.428477e-02)
.fc2_4_weight[18][5](-1.297920e-01)
.fc2_4_weight[18][6](-6.986105e-02)
.fc2_4_weight[18][7](-1.652059e-01)
.fc2_4_weight[18][8](-1.672625e-01)
.fc2_4_weight[18][9](-1.121233e-01)
.fc2_4_weight[18][10](-9.120488e-02)
.fc2_4_weight[18][11](-1.433756e-01)
.fc2_4_weight[18][12](-1.605351e-01)
.fc2_4_weight[18][13](4.710376e-03)
.fc2_4_weight[18][14](2.062374e-01)
.fc2_4_weight[18][15](6.226003e-04)
.fc2_4_weight[18][16](-2.074722e-01)
.fc2_4_weight[18][17](-1.777251e-01)
.fc2_4_weight[18][18](-1.852843e-01)
.fc2_4_weight[18][19](-1.411779e-01)
.fc2_4_weight[19][0](-8.789033e-02)
.fc2_4_weight[19][1](-2.705060e-02)
.fc2_4_weight[19][2](-1.526105e-01)
.fc2_4_weight[19][3](1.552373e-01)
.fc2_4_weight[19][4](1.705604e-01)
.fc2_4_weight[19][5](1.828571e-02)
.fc2_4_weight[19][6](1.391231e-02)
.fc2_4_weight[19][7](1.303992e-01)
.fc2_4_weight[19][8](1.547709e-01)
.fc2_4_weight[19][9](8.139789e-03)
.fc2_4_weight[19][10](-1.058172e-02)
.fc2_4_weight[19][11](-9.430461e-02)
.fc2_4_weight[19][12](-8.176109e-02)
.fc2_4_weight[19][13](-4.337470e-02)
.fc2_4_weight[19][14](-2.192980e-01)
.fc2_4_weight[19][15](-4.599956e-02)
.fc2_4_weight[19][16](1.484906e-01)
.fc2_4_weight[19][17](1.053752e-01)
.fc2_4_weight[19][18](2.032356e-01)
.fc2_4_weight[19][19](1.680743e-01)
// fc2_4_bias: shape (20,)
.fc2_4_bias[0](8.799732e-04)
.fc2_4_bias[1](8.132836e-02)
.fc2_4_bias[2](-1.047029e-01)
.fc2_4_bias[3](4.637054e-02)
.fc2_4_bias[4](-1.182467e-01)
.fc2_4_bias[5](-5.017319e-02)
.fc2_4_bias[6](4.994002e-02)
.fc2_4_bias[7](8.505163e-02)
.fc2_4_bias[8](-1.231508e-02)
.fc2_4_bias[9](-4.444852e-02)
.fc2_4_bias[10](7.689220e-02)
.fc2_4_bias[11](1.136571e-01)
.fc2_4_bias[12](-1.184676e-01)
.fc2_4_bias[13](1.284283e-01)
.fc2_4_bias[14](-1.047741e-01)
.fc2_4_bias[15](1.232652e-01)
.fc2_4_bias[16](-1.217667e-01)
.fc2_4_bias[17](1.347242e-01)
.fc2_4_bias[18](-8.655688e-02)
.fc2_4_bias[19](-4.261927e-02)
// fc3_2_weight: shape (40, 20)
.fc3_2_weight[0][0](1.980401e-01)
.fc3_2_weight[0][1](-1.081833e-01)
.fc3_2_weight[0][2](1.237389e-01)
.fc3_2_weight[0][3](-7.644039e-02)
.fc3_2_weight[0][4](2.213597e-01)
.fc3_2_weight[0][5](6.528616e-03)
.fc3_2_weight[0][6](-2.277735e-02)
.fc3_2_weight[0][7](-2.921703e-02)
.fc3_2_weight[0][8](-6.159273e-02)
.fc3_2_weight[0][9](-1.188923e-01)
.fc3_2_weight[0][10](-1.992399e-02)
.fc3_2_weight[0][11](8.315867e-02)
.fc3_2_weight[0][12](1.537846e-01)
.fc3_2_weight[0][13](-1.541674e-01)
.fc3_2_weight[0][14](1.727891e-01)
.fc3_2_weight[0][15](-1.922617e-01)
.fc3_2_weight[0][16](-1.786346e-01)
.fc3_2_weight[0][17](-1.400151e-01)
.fc3_2_weight[0][18](-9.125388e-02)
.fc3_2_weight[0][19](-2.223948e-01)
.fc3_2_weight[1][0](1.084710e-01)
.fc3_2_weight[1][1](1.708485e-02)
.fc3_2_weight[1][2](9.542787e-02)
.fc3_2_weight[1][3](-1.652163e-01)
.fc3_2_weight[1][4](-2.109820e-02)
.fc3_2_weight[1][5](-6.784178e-02)
.fc3_2_weight[1][6](6.012014e-02)
.fc3_2_weight[1][7](-1.492698e-01)
.fc3_2_weight[1][8](-2.677794e-02)
.fc3_2_weight[1][9](-2.226728e-01)
.fc3_2_weight[1][10](-1.249221e-01)
.fc3_2_weight[1][11](3.365240e-02)
.fc3_2_weight[1][12](8.726725e-02)
.fc3_2_weight[1][13](1.395924e-01)
.fc3_2_weight[1][14](2.122690e-01)
.fc3_2_weight[1][15](1.578595e-02)
.fc3_2_weight[1][16](-9.238401e-02)
.fc3_2_weight[1][17](-1.221269e-01)
.fc3_2_weight[1][18](-1.944608e-01)
.fc3_2_weight[1][19](-2.147992e-01)
.fc3_2_weight[2][0](1.673666e-01)
.fc3_2_weight[2][1](-1.416311e-01)
.fc3_2_weight[2][2](2.127008e-01)
.fc3_2_weight[2][3](-1.152878e-01)
.fc3_2_weight[2][4](9.290028e-02)
.fc3_2_weight[2][5](-1.732316e-01)
.fc3_2_weight[2][6](-7.225393e-02)
.fc3_2_weight[2][7](2.229159e-02)
.fc3_2_weight[2][8](8.696049e-03)
.fc3_2_weight[2][9](-1.957251e-01)
.fc3_2_weight[2][10](-2.387477e-02)
.fc3_2_weight[2][11](-4.150708e-02)
.fc3_2_weight[2][12](-2.033277e-01)
.fc3_2_weight[2][13](1.181437e-01)
.fc3_2_weight[2][14](1.787684e-01)
.fc3_2_weight[2][15](1.052750e-01)
.fc3_2_weight[2][16](8.510792e-02)
.fc3_2_weight[2][17](-8.157565e-02)
.fc3_2_weight[2][18](-5.940197e-02)
.fc3_2_weight[2][19](1.790322e-01)
.fc3_2_weight[3][0](-2.121442e-01)
.fc3_2_weight[3][1](1.417500e-01)
.fc3_2_weight[3][2](-1.688975e-01)
.fc3_2_weight[3][3](-1.693129e-01)
.fc3_2_weight[3][4](1.521623e-01)
.fc3_2_weight[3][5](-1.416472e-02)
.fc3_2_weight[3][6](-1.168392e-01)
.fc3_2_weight[3][7](-1.145978e-01)
.fc3_2_weight[3][8](-1.938468e-01)
.fc3_2_weight[3][9](-1.081198e-01)
.fc3_2_weight[3][10](1.430365e-01)
.fc3_2_weight[3][11](-2.758646e-02)
.fc3_2_weight[3][12](1.033187e-02)
.fc3_2_weight[3][13](-1.667423e-01)
.fc3_2_weight[3][14](1.766637e-02)
.fc3_2_weight[3][15](-1.971895e-01)
.fc3_2_weight[3][16](1.929948e-01)
.fc3_2_weight[3][17](-1.720400e-02)
.fc3_2_weight[3][18](1.554751e-01)
.fc3_2_weight[3][19](-4.038918e-02)
.fc3_2_weight[4][0](-1.783317e-01)
.fc3_2_weight[4][1](-1.205226e-01)
.fc3_2_weight[4][2](-1.368296e-01)
.fc3_2_weight[4][3](1.310325e-01)
.fc3_2_weight[4][4](1.065974e-02)
.fc3_2_weight[4][5](7.795972e-02)
.fc3_2_weight[4][6](1.457686e-01)
.fc3_2_weight[4][7](1.102371e-01)
.fc3_2_weight[4][8](5.112708e-03)
.fc3_2_weight[4][9](-5.902815e-02)
.fc3_2_weight[4][10](2.122790e-01)
.fc3_2_weight[4][11](-2.080719e-01)
.fc3_2_weight[4][12](1.162814e-01)
.fc3_2_weight[4][13](4.373431e-03)
.fc3_2_weight[4][14](-8.538654e-02)
.fc3_2_weight[4][15](-2.831887e-02)
.fc3_2_weight[4][16](1.141825e-01)
.fc3_2_weight[4][17](7.949409e-02)
.fc3_2_weight[4][18](-9.703860e-03)
.fc3_2_weight[4][19](-4.241800e-02)
.fc3_2_weight[5][0](-1.871540e-02)
.fc3_2_weight[5][1](1.834868e-01)
.fc3_2_weight[5][2](-2.049504e-01)
.fc3_2_weight[5][3](1.427588e-01)
.fc3_2_weight[5][4](-2.132834e-02)
.fc3_2_weight[5][5](-9.561801e-02)
.fc3_2_weight[5][6](2.144587e-01)
.fc3_2_weight[5][7](4.333210e-02)
.fc3_2_weight[5][8](1.173346e-01)
.fc3_2_weight[5][9](9.518310e-02)
.fc3_2_weight[5][10](1.481387e-01)
.fc3_2_weight[5][11](-2.543911e-02)
.fc3_2_weight[5][12](6.930596e-02)
.fc3_2_weight[5][13](1.544605e-01)
.fc3_2_weight[5][14](-8.736600e-02)
.fc3_2_weight[5][15](-4.072846e-02)
.fc3_2_weight[5][16](8.965236e-02)
.fc3_2_weight[5][17](8.628973e-02)
.fc3_2_weight[5][18](1.893290e-01)
.fc3_2_weight[5][19](-8.297756e-02)
.fc3_2_weight[6][0](-1.286404e-01)
.fc3_2_weight[6][1](1.118102e-01)
.fc3_2_weight[6][2](-2.772240e-02)
.fc3_2_weight[6][3](3.766447e-03)
.fc3_2_weight[6][4](-4.590477e-02)
.fc3_2_weight[6][5](-7.390733e-02)
.fc3_2_weight[6][6](-3.868146e-02)
.fc3_2_weight[6][7](5.403861e-02)
.fc3_2_weight[6][8](1.243321e-01)
.fc3_2_weight[6][9](-2.349591e-02)
.fc3_2_weight[6][10](-8.907007e-02)
.fc3_2_weight[6][11](-1.105649e-01)
.fc3_2_weight[6][12](-5.629139e-02)
.fc3_2_weight[6][13](-1.420825e-01)
.fc3_2_weight[6][14](6.944710e-02)
.fc3_2_weight[6][15](-1.393492e-01)
.fc3_2_weight[6][16](-7.176727e-02)
.fc3_2_weight[6][17](4.163280e-02)
.fc3_2_weight[6][18](1.304918e-01)
.fc3_2_weight[6][19](-1.462933e-01)
.fc3_2_weight[7][0](1.531413e-01)
.fc3_2_weight[7][1](4.697010e-02)
.fc3_2_weight[7][2](8.314517e-02)
.fc3_2_weight[7][3](6.368110e-02)
.fc3_2_weight[7][4](-1.248465e-02)
.fc3_2_weight[7][5](-1.210482e-01)
.fc3_2_weight[7][6](-8.373700e-02)
.fc3_2_weight[7][7](1.877846e-01)
.fc3_2_weight[7][8](-2.812563e-02)
.fc3_2_weight[7][9](-8.150026e-02)
.fc3_2_weight[7][10](-1.647247e-02)
.fc3_2_weight[7][11](-8.729488e-02)
.fc3_2_weight[7][12](-1.701741e-01)
.fc3_2_weight[7][13](4.201674e-02)
.fc3_2_weight[7][14](-1.183369e-01)
.fc3_2_weight[7][15](-1.012551e-01)
.fc3_2_weight[7][16](-1.535929e-01)
.fc3_2_weight[7][17](1.312710e-01)
.fc3_2_weight[7][18](-7.475066e-02)
.fc3_2_weight[7][19](-7.207331e-02)
.fc3_2_weight[8][0](2.384931e-04)
.fc3_2_weight[8][1](-1.609933e-01)
.fc3_2_weight[8][2](-8.743426e-02)
.fc3_2_weight[8][3](-2.944641e-02)
.fc3_2_weight[8][4](-1.944107e-01)
.fc3_2_weight[8][5](-1.675792e-01)
.fc3_2_weight[8][6](-3.022210e-02)
.fc3_2_weight[8][7](1.723699e-01)
.fc3_2_weight[8][8](1.015582e-01)
.fc3_2_weight[8][9](5.727521e-02)
.fc3_2_weight[8][10](-6.700888e-03)
.fc3_2_weight[8][11](-2.044115e-01)
.fc3_2_weight[8][12](1.579128e-01)
.fc3_2_weight[8][13](2.149166e-01)
.fc3_2_weight[8][14](8.971635e-02)
.fc3_2_weight[8][15](1.126224e-01)
.fc3_2_weight[8][16](-3.736538e-02)
.fc3_2_weight[8][17](-1.748248e-01)
.fc3_2_weight[8][18](-1.201172e-01)
.fc3_2_weight[8][19](2.221004e-01)
.fc3_2_weight[9][0](7.994458e-02)
.fc3_2_weight[9][1](1.125971e-01)
.fc3_2_weight[9][2](-9.474912e-02)
.fc3_2_weight[9][3](-1.131173e-01)
.fc3_2_weight[9][4](8.688080e-02)
.fc3_2_weight[9][5](-1.801340e-01)
.fc3_2_weight[9][6](3.345752e-02)
.fc3_2_weight[9][7](-1.838343e-02)
.fc3_2_weight[9][8](9.927455e-02)
.fc3_2_weight[9][9](-1.252489e-01)
.fc3_2_weight[9][10](6.212249e-02)
.fc3_2_weight[9][11](4.049134e-02)
.fc3_2_weight[9][12](-9.484082e-02)
.fc3_2_weight[9][13](-1.879666e-01)
.fc3_2_weight[9][14](7.639757e-02)
.fc3_2_weight[9][15](-1.971460e-01)
.fc3_2_weight[9][16](-9.454235e-02)
.fc3_2_weight[9][17](-8.337507e-02)
.fc3_2_weight[9][18](1.742223e-01)
.fc3_2_weight[9][19](2.597795e-02)
.fc3_2_weight[10][0](-7.112193e-02)
.fc3_2_weight[10][1](1.412670e-02)
.fc3_2_weight[10][2](4.312170e-02)
.fc3_2_weight[10][3](-3.987506e-03)
.fc3_2_weight[10][4](1.925032e-01)
.fc3_2_weight[10][5](1.595343e-01)
.fc3_2_weight[10][6](-4.682341e-02)
.fc3_2_weight[10][7](-7.670352e-02)
.fc3_2_weight[10][8](-3.456016e-02)
.fc3_2_weight[10][9](5.525321e-02)
.fc3_2_weight[10][10](-1.387402e-01)
.fc3_2_weight[10][11](1.947347e-01)
.fc3_2_weight[10][12](5.933240e-02)
.fc3_2_weight[10][13](1.615602e-01)
.fc3_2_weight[10][14](1.002795e-01)
.fc3_2_weight[10][15](-1.202769e-01)
.fc3_2_weight[10][16](8.291900e-04)
.fc3_2_weight[10][17](-1.453912e-02)
.fc3_2_weight[10][18](1.802039e-01)
.fc3_2_weight[10][19](-1.447412e-01)
.fc3_2_weight[11][0](1.357448e-01)
.fc3_2_weight[11][1](-1.948306e-01)
.fc3_2_weight[11][2](5.361211e-02)
.fc3_2_weight[11][3](-1.195702e-01)
.fc3_2_weight[11][4](-2.431679e-02)
.fc3_2_weight[11][5](-1.120856e-01)
.fc3_2_weight[11][6](5.906418e-03)
.fc3_2_weight[11][7](2.581440e-02)
.fc3_2_weight[11][8](9.321609e-02)
.fc3_2_weight[11][9](-1.525078e-01)
.fc3_2_weight[11][10](-1.121408e-02)
.fc3_2_weight[11][11](3.523663e-02)
.fc3_2_weight[11][12](-4.172449e-02)
.fc3_2_weight[11][13](1.733103e-01)
.fc3_2_weight[11][14](5.826563e-02)
.fc3_2_weight[11][15](2.217709e-01)
.fc3_2_weight[11][16](-1.201466e-01)
.fc3_2_weight[11][17](-5.016114e-02)
.fc3_2_weight[11][18](-9.665287e-02)
.fc3_2_weight[11][19](1.346868e-01)
.fc3_2_weight[12][0](1.733689e-01)
.fc3_2_weight[12][1](-7.884207e-02)
.fc3_2_weight[12][2](-1.504435e-01)
.fc3_2_weight[12][3](-8.206950e-02)
.fc3_2_weight[12][4](1.510510e-01)
.fc3_2_weight[12][5](-1.439998e-01)
.fc3_2_weight[12][6](-1.213082e-01)
.fc3_2_weight[12][7](-1.998520e-01)
.fc3_2_weight[12][8](1.683472e-01)
.fc3_2_weight[12][9](-1.158762e-01)
.fc3_2_weight[12][10](-1.057955e-01)
.fc3_2_weight[12][11](1.220978e-01)
.fc3_2_weight[12][12](-1.670567e-01)
.fc3_2_weight[12][13](1.242568e-01)
.fc3_2_weight[12][14](-1.174344e-01)
.fc3_2_weight[12][15](-9.931458e-02)
.fc3_2_weight[12][16](-3.638864e-05)
.fc3_2_weight[12][17](5.143148e-02)
.fc3_2_weight[12][18](-1.699993e-01)
.fc3_2_weight[12][19](9.619844e-02)
.fc3_2_weight[13][0](-2.321565e-02)
.fc3_2_weight[13][1](-1.857911e-01)
.fc3_2_weight[13][2](1.239011e-01)
.fc3_2_weight[13][3](1.184725e-01)
.fc3_2_weight[13][4](-8.861761e-02)
.fc3_2_weight[13][5](1.141901e-01)
.fc3_2_weight[13][6](9.264451e-02)
.fc3_2_weight[13][7](1.798053e-01)
.fc3_2_weight[13][8](1.481645e-01)
.fc3_2_weight[13][9](3.749466e-02)
.fc3_2_weight[13][10](6.723478e-02)
.fc3_2_weight[13][11](-1.723355e-01)
.fc3_2_weight[13][12](-1.701673e-01)
.fc3_2_weight[13][13](-1.267155e-01)
.fc3_2_weight[13][14](-1.762041e-02)
.fc3_2_weight[13][15](-1.193561e-01)
.fc3_2_weight[13][16](-1.760286e-01)
.fc3_2_weight[13][17](-1.971643e-01)
.fc3_2_weight[13][18](1.317353e-01)
.fc3_2_weight[13][19](1.364530e-01)
.fc3_2_weight[14][0](-1.479874e-01)
.fc3_2_weight[14][1](5.299851e-02)
.fc3_2_weight[14][2](5.294067e-02)
.fc3_2_weight[14][3](2.126454e-01)
.fc3_2_weight[14][4](-2.166093e-01)
.fc3_2_weight[14][5](-1.372461e-01)
.fc3_2_weight[14][6](4.980347e-02)
.fc3_2_weight[14][7](6.040749e-02)
.fc3_2_weight[14][8](-8.354802e-02)
.fc3_2_weight[14][9](-1.380520e-01)
.fc3_2_weight[14][10](-6.867160e-02)
.fc3_2_weight[14][11](-5.551521e-02)
.fc3_2_weight[14][12](-3.855139e-02)
.fc3_2_weight[14][13](6.145599e-02)
.fc3_2_weight[14][14](-5.680992e-02)
.fc3_2_weight[14][15](-8.434816e-02)
.fc3_2_weight[14][16](-1.199336e-01)
.fc3_2_weight[14][17](7.883039e-02)
.fc3_2_weight[14][18](-7.586457e-02)
.fc3_2_weight[14][19](-6.863473e-02)
.fc3_2_weight[15][0](-1.773541e-01)
.fc3_2_weight[15][1](-1.086150e-01)
.fc3_2_weight[15][2](-5.619721e-02)
.fc3_2_weight[15][3](-8.678417e-02)
.fc3_2_weight[15][4](-2.168528e-01)
.fc3_2_weight[15][5](-4.911761e-02)
.fc3_2_weight[15][6](1.907642e-01)
.fc3_2_weight[15][7](-1.908498e-01)
.fc3_2_weight[15][8](-1.274053e-01)
.fc3_2_weight[15][9](5.828056e-02)
.fc3_2_weight[15][10](2.167389e-01)
.fc3_2_weight[15][11](2.068178e-01)
.fc3_2_weight[15][12](-3.971262e-02)
.fc3_2_weight[15][13](-1.836395e-01)
.fc3_2_weight[15][14](1.841551e-01)
.fc3_2_weight[15][15](2.078063e-01)
.fc3_2_weight[15][16](1.238479e-01)
.fc3_2_weight[15][17](1.209150e-01)
.fc3_2_weight[15][18](1.189694e-01)
.fc3_2_weight[15][19](-1.121745e-01)
.fc3_2_weight[16][0](-1.844363e-01)
.fc3_2_weight[16][1](1.900018e-01)
.fc3_2_weight[16][2](2.119105e-01)
.fc3_2_weight[16][3](1.628711e-01)
.fc3_2_weight[16][4](-2.159998e-01)
.fc3_2_weight[16][5](1.250274e-01)
.fc3_2_weight[16][6](-1.784751e-01)
.fc3_2_weight[16][7](-4.456785e-02)
.fc3_2_weight[16][8](2.219928e-01)
.fc3_2_weight[16][9](-9.556381e-02)
.fc3_2_weight[16][10](1.063317e-01)
.fc3_2_weight[16][11](1.297688e-01)
.fc3_2_weight[16][12](-6.874610e-02)
.fc3_2_weight[16][13](2.165579e-01)
.fc3_2_weight[16][14](2.087486e-01)
.fc3_2_weight[16][15](1.043610e-01)
.fc3_2_weight[16][16](-5.802475e-02)
.fc3_2_weight[16][17](-1.534144e-01)
.fc3_2_weight[16][18](1.827418e-01)
.fc3_2_weight[16][19](-2.124366e-02)
.fc3_2_weight[17][0](-1.423173e-02)
.fc3_2_weight[17][1](1.306898e-01)
.fc3_2_weight[17][2](-1.327999e-01)
.fc3_2_weight[17][3](2.224712e-01)
.fc3_2_weight[17][4](-5.315743e-02)
.fc3_2_weight[17][5](1.119353e-02)
.fc3_2_weight[17][6](2.102294e-01)
.fc3_2_weight[17][7](1.594474e-01)
.fc3_2_weight[17][8](8.160710e-02)
.fc3_2_weight[17][9](-2.215330e-01)
.fc3_2_weight[17][10](1.335639e-01)
.fc3_2_weight[17][11](1.401657e-01)
.fc3_2_weight[17][12](-3.000081e-03)
.fc3_2_weight[17][13](1.916750e-01)
.fc3_2_weight[17][14](1.075125e-01)
.fc3_2_weight[17][15](1.173050e-01)
.fc3_2_weight[17][16](1.030760e-01)
.fc3_2_weight[17][17](-1.027871e-01)
.fc3_2_weight[17][18](-2.781557e-02)
.fc3_2_weight[17][19](-2.206157e-01)
.fc3_2_weight[18][0](-2.020824e-01)
.fc3_2_weight[18][1](-1.912469e-01)
.fc3_2_weight[18][2](1.209463e-01)
.fc3_2_weight[18][3](1.091353e-01)
.fc3_2_weight[18][4](1.627348e-01)
.fc3_2_weight[18][5](2.156421e-01)
.fc3_2_weight[18][6](-2.184546e-01)
.fc3_2_weight[18][7](2.357638e-02)
.fc3_2_weight[18][8](2.155183e-01)
.fc3_2_weight[18][9](-3.467938e-02)
.fc3_2_weight[18][10](-1.414654e-02)
.fc3_2_weight[18][11](-6.224191e-02)
.fc3_2_weight[18][12](-7.254709e-02)
.fc3_2_weight[18][13](1.407925e-01)
.fc3_2_weight[18][14](1.526157e-01)
.fc3_2_weight[18][15](-1.460508e-01)
.fc3_2_weight[18][16](-1.763347e-01)
.fc3_2_weight[18][17](2.163421e-01)
.fc3_2_weight[18][18](1.481216e-01)
.fc3_2_weight[18][19](1.975629e-02)
.fc3_2_weight[19][0](-2.043821e-01)
.fc3_2_weight[19][1](1.583798e-01)
.fc3_2_weight[19][2](-1.807580e-01)
.fc3_2_weight[19][3](-1.904600e-01)
.fc3_2_weight[19][4](1.426029e-01)
.fc3_2_weight[19][5](2.038039e-01)
.fc3_2_weight[19][6](7.856834e-02)
.fc3_2_weight[19][7](6.092542e-02)
.fc3_2_weight[19][8](-1.601629e-01)
.fc3_2_weight[19][9](1.971647e-01)
.fc3_2_weight[19][10](-1.547144e-01)
.fc3_2_weight[19][11](1.914220e-01)
.fc3_2_weight[19][12](-2.790844e-02)
.fc3_2_weight[19][13](2.967158e-02)
.fc3_2_weight[19][14](-6.683005e-02)
.fc3_2_weight[19][15](-1.089077e-01)
.fc3_2_weight[19][16](-1.494662e-01)
.fc3_2_weight[19][17](7.819998e-02)
.fc3_2_weight[19][18](-2.282234e-02)
.fc3_2_weight[19][19](1.433448e-01)
.fc3_2_weight[20][0](1.604641e-01)
.fc3_2_weight[20][1](-1.651054e-01)
.fc3_2_weight[20][2](-4.967102e-02)
.fc3_2_weight[20][3](-1.665388e-01)
.fc3_2_weight[20][4](5.796257e-02)
.fc3_2_weight[20][5](-1.019986e-01)
.fc3_2_weight[20][6](1.522459e-01)
.fc3_2_weight[20][7](6.798980e-02)
.fc3_2_weight[20][8](-1.407387e-01)
.fc3_2_weight[20][9](-1.453046e-01)
.fc3_2_weight[20][10](1.237378e-03)
.fc3_2_weight[20][11](1.613025e-01)
.fc3_2_weight[20][12](-9.402424e-03)
.fc3_2_weight[20][13](-2.018474e-01)
.fc3_2_weight[20][14](-1.339357e-01)
.fc3_2_weight[20][15](-8.522253e-02)
.fc3_2_weight[20][16](-2.081536e-01)
.fc3_2_weight[20][17](-1.141830e-01)
.fc3_2_weight[20][18](-2.015406e-01)
.fc3_2_weight[20][19](-1.369178e-01)
.fc3_2_weight[21][0](1.051651e-02)
.fc3_2_weight[21][1](3.242895e-03)
.fc3_2_weight[21][2](4.978761e-02)
.fc3_2_weight[21][3](9.213060e-02)
.fc3_2_weight[21][4](1.033160e-01)
.fc3_2_weight[21][5](2.023665e-01)
.fc3_2_weight[21][6](9.179184e-02)
.fc3_2_weight[21][7](1.656069e-02)
.fc3_2_weight[21][8](-1.325068e-01)
.fc3_2_weight[21][9](1.176699e-01)
.fc3_2_weight[21][10](-1.076386e-01)
.fc3_2_weight[21][11](7.383204e-02)
.fc3_2_weight[21][12](-7.898377e-02)
.fc3_2_weight[21][13](-1.119541e-01)
.fc3_2_weight[21][14](1.908403e-01)
.fc3_2_weight[21][15](-2.179073e-01)
.fc3_2_weight[21][16](1.322558e-01)
.fc3_2_weight[21][17](5.072922e-02)
.fc3_2_weight[21][18](1.921981e-01)
.fc3_2_weight[21][19](-5.215439e-02)
.fc3_2_weight[22][0](-2.206100e-01)
.fc3_2_weight[22][1](8.456317e-02)
.fc3_2_weight[22][2](1.504628e-02)
.fc3_2_weight[22][3](5.737442e-02)
.fc3_2_weight[22][4](-1.585682e-01)
.fc3_2_weight[22][5](4.794076e-02)
.fc3_2_weight[22][6](-5.418919e-02)
.fc3_2_weight[22][7](-1.988849e-01)
.fc3_2_weight[22][8](-1.245508e-01)
.fc3_2_weight[22][9](1.112565e-01)
.fc3_2_weight[22][10](1.841324e-01)
.fc3_2_weight[22][11](1.252454e-01)
.fc3_2_weight[22][12](-1.711941e-01)
.fc3_2_weight[22][13](5.306944e-02)
.fc3_2_weight[22][14](5.557367e-02)
.fc3_2_weight[22][15](2.226187e-01)
.fc3_2_weight[22][16](-6.926775e-03)
.fc3_2_weight[22][17](1.675815e-01)
.fc3_2_weight[22][18](-5.505185e-02)
.fc3_2_weight[22][19](-1.105124e-01)
.fc3_2_weight[23][0](-1.570796e-01)
.fc3_2_weight[23][1](-6.177966e-02)
.fc3_2_weight[23][2](2.078866e-01)
.fc3_2_weight[23][3](5.788356e-02)
.fc3_2_weight[23][4](1.233200e-01)
.fc3_2_weight[23][5](1.099173e-01)
.fc3_2_weight[23][6](1.974872e-02)
.fc3_2_weight[23][7](8.757693e-02)
.fc3_2_weight[23][8](-1.072780e-01)
.fc3_2_weight[23][9](-1.538585e-01)
.fc3_2_weight[23][10](1.702217e-01)
.fc3_2_weight[23][11](-1.126602e-01)
.fc3_2_weight[23][12](-6.260166e-02)
.fc3_2_weight[23][13](1.878895e-01)
.fc3_2_weight[23][14](-9.866657e-02)
.fc3_2_weight[23][15](-2.080155e-01)
.fc3_2_weight[23][16](1.047515e-01)
.fc3_2_weight[23][17](-2.130654e-01)
.fc3_2_weight[23][18](-1.060148e-01)
.fc3_2_weight[23][19](-1.304395e-01)
.fc3_2_weight[24][0](-1.862553e-01)
.fc3_2_weight[24][1](4.422486e-02)
.fc3_2_weight[24][2](-2.232265e-01)
.fc3_2_weight[24][3](-1.032870e-01)
.fc3_2_weight[24][4](1.262583e-01)
.fc3_2_weight[24][5](-3.445846e-02)
.fc3_2_weight[24][6](-5.855183e-02)
.fc3_2_weight[24][7](-1.950900e-01)
.fc3_2_weight[24][8](2.149181e-01)
.fc3_2_weight[24][9](-1.367225e-01)
.fc3_2_weight[24][10](2.057889e-01)
.fc3_2_weight[24][11](-5.543388e-02)
.fc3_2_weight[24][12](8.573452e-02)
.fc3_2_weight[24][13](-5.054592e-02)
.fc3_2_weight[24][14](1.445088e-01)
.fc3_2_weight[24][15](3.823996e-03)
.fc3_2_weight[24][16](-1.345015e-01)
.fc3_2_weight[24][17](-1.316874e-01)
.fc3_2_weight[24][18](7.119066e-02)
.fc3_2_weight[24][19](-7.532036e-02)
.fc3_2_weight[25][0](1.431838e-01)
.fc3_2_weight[25][1](1.862487e-01)
.fc3_2_weight[25][2](1.851478e-01)
.fc3_2_weight[25][3](8.680829e-02)
.fc3_2_weight[25][4](6.356502e-02)
.fc3_2_weight[25][5](1.759129e-01)
.fc3_2_weight[25][6](-1.884937e-02)
.fc3_2_weight[25][7](-1.064942e-01)
.fc3_2_weight[25][8](-2.133840e-01)
.fc3_2_weight[25][9](1.061037e-01)
.fc3_2_weight[25][10](1.447155e-01)
.fc3_2_weight[25][11](7.768628e-02)
.fc3_2_weight[25][12](-4.484950e-02)
.fc3_2_weight[25][13](-8.129112e-02)
.fc3_2_weight[25][14](-2.096398e-01)
.fc3_2_weight[25][15](-1.791086e-01)
.fc3_2_weight[25][16](-1.210443e-01)
.fc3_2_weight[25][17](-2.031293e-01)
.fc3_2_weight[25][18](9.447771e-02)
.fc3_2_weight[25][19](-1.516643e-01)
.fc3_2_weight[26][0](-1.189524e-02)
.fc3_2_weight[26][1](-1.046681e-01)
.fc3_2_weight[26][2](-4.573406e-02)
.fc3_2_weight[26][3](4.577720e-02)
.fc3_2_weight[26][4](-3.008239e-02)
.fc3_2_weight[26][5](-4.572777e-02)
.fc3_2_weight[26][6](-1.810699e-01)
.fc3_2_weight[26][7](5.750245e-02)
.fc3_2_weight[26][8](2.091142e-01)
.fc3_2_weight[26][9](-1.483144e-01)
.fc3_2_weight[26][10](3.725728e-02)
.fc3_2_weight[26][11](-1.568057e-01)
.fc3_2_weight[26][12](-2.217177e-01)
.fc3_2_weight[26][13](-3.930652e-02)
.fc3_2_weight[26][14](-1.654888e-01)
.fc3_2_weight[26][15](-1.253442e-02)
.fc3_2_weight[26][16](-2.112434e-01)
.fc3_2_weight[26][17](-3.055720e-02)
.fc3_2_weight[26][18](9.331557e-02)
.fc3_2_weight[26][19](3.279379e-02)
.fc3_2_weight[27][0](-1.522486e-01)
.fc3_2_weight[27][1](-1.341211e-01)
.fc3_2_weight[27][2](-1.661857e-01)
.fc3_2_weight[27][3](-9.302373e-02)
.fc3_2_weight[27][4](1.669228e-01)
.fc3_2_weight[27][5](-7.304905e-02)
.fc3_2_weight[27][6](-8.627611e-02)
.fc3_2_weight[27][7](-1.578655e-01)
.fc3_2_weight[27][8](1.622292e-01)
.fc3_2_weight[27][9](1.071792e-01)
.fc3_2_weight[27][10](9.333444e-02)
.fc3_2_weight[27][11](2.160333e-01)
.fc3_2_weight[27][12](-1.879915e-01)
.fc3_2_weight[27][13](-5.165526e-02)
.fc3_2_weight[27][14](2.084894e-01)
.fc3_2_weight[27][15](-7.990959e-02)
.fc3_2_weight[27][16](5.936629e-02)
.fc3_2_weight[27][17](-4.756610e-02)
.fc3_2_weight[27][18](-4.466571e-02)
.fc3_2_weight[27][19](1.501284e-01)
.fc3_2_weight[28][0](-2.122450e-01)
.fc3_2_weight[28][1](-1.353092e-01)
.fc3_2_weight[28][2](-1.033015e-01)
.fc3_2_weight[28][3](2.694860e-02)
.fc3_2_weight[28][4](-1.590050e-01)
.fc3_2_weight[28][5](1.420590e-01)
.fc3_2_weight[28][6](2.153514e-02)
.fc3_2_weight[28][7](6.975472e-02)
.fc3_2_weight[28][8](-1.955806e-01)
.fc3_2_weight[28][9](7.233942e-02)
.fc3_2_weight[28][10](1.943807e-01)
.fc3_2_weight[28][11](-1.061895e-01)
.fc3_2_weight[28][12](1.917980e-01)
.fc3_2_weight[28][13](-1.914221e-01)
.fc3_2_weight[28][14](-2.025911e-01)
.fc3_2_weight[28][15](-1.231198e-01)
.fc3_2_weight[28][16](-1.656921e-01)
.fc3_2_weight[28][17](-1.455669e-02)
.fc3_2_weight[28][18](-1.693422e-01)
.fc3_2_weight[28][19](-1.968955e-01)
.fc3_2_weight[29][0](-9.149122e-02)
.fc3_2_weight[29][1](1.705336e-01)
.fc3_2_weight[29][2](1.600608e-02)
.fc3_2_weight[29][3](-1.425227e-01)
.fc3_2_weight[29][4](-4.444727e-02)
.fc3_2_weight[29][5](-1.055138e-01)
.fc3_2_weight[29][6](-8.730200e-02)
.fc3_2_weight[29][7](-9.471130e-02)
.fc3_2_weight[29][8](-1.171212e-01)
.fc3_2_weight[29][9](-1.835703e-01)
.fc3_2_weight[29][10](5.953521e-02)
.fc3_2_weight[29][11](-2.118216e-01)
.fc3_2_weight[29][12](2.523796e-02)
.fc3_2_weight[29][13](5.455500e-02)
.fc3_2_weight[29][14](-1.573662e-01)
.fc3_2_weight[29][15](-1.056749e-01)
.fc3_2_weight[29][16](1.155341e-02)
.fc3_2_weight[29][17](1.258700e-01)
.fc3_2_weight[29][18](1.117214e-01)
.fc3_2_weight[29][19](-1.183973e-01)
.fc3_2_weight[30][0](-1.211600e-01)
.fc3_2_weight[30][1](1.666389e-01)
.fc3_2_weight[30][2](-3.276795e-03)
.fc3_2_weight[30][3](-8.047836e-02)
.fc3_2_weight[30][4](2.004213e-01)
.fc3_2_weight[30][5](-1.789530e-01)
.fc3_2_weight[30][6](-2.045704e-02)
.fc3_2_weight[30][7](7.913089e-02)
.fc3_2_weight[30][8](-1.036945e-01)
.fc3_2_weight[30][9](2.630892e-02)
.fc3_2_weight[30][10](-2.118208e-01)
.fc3_2_weight[30][11](-1.232837e-01)
.fc3_2_weight[30][12](-1.425629e-01)
.fc3_2_weight[30][13](1.940868e-01)
.fc3_2_weight[30][14](2.226270e-01)
.fc3_2_weight[30][15](1.283576e-01)
.fc3_2_weight[30][16](1.818299e-01)
.fc3_2_weight[30][17](8.874938e-02)
.fc3_2_weight[30][18](-6.296471e-03)
.fc3_2_weight[30][19](-3.225999e-02)
.fc3_2_weight[31][0](1.718633e-01)
.fc3_2_weight[31][1](-4.762106e-02)
.fc3_2_weight[31][2](-1.257323e-01)
.fc3_2_weight[31][3](1.397567e-01)
.fc3_2_weight[31][4](5.273637e-02)
.fc3_2_weight[31][5](1.483164e-01)
.fc3_2_weight[31][6](-1.199400e-01)
.fc3_2_weight[31][7](1.137102e-01)
.fc3_2_weight[31][8](-1.061810e-01)
.fc3_2_weight[31][9](1.761509e-01)
.fc3_2_weight[31][10](2.306294e-02)
.fc3_2_weight[31][11](-7.840481e-02)
.fc3_2_weight[31][12](-9.979983e-02)
.fc3_2_weight[31][13](-1.014748e-01)
.fc3_2_weight[31][14](-1.868532e-01)
.fc3_2_weight[31][15](4.937202e-03)
.fc3_2_weight[31][16](5.807111e-02)
.fc3_2_weight[31][17](-1.423738e-01)
.fc3_2_weight[31][18](8.230716e-03)
.fc3_2_weight[31][19](1.142345e-01)
.fc3_2_weight[32][0](1.348994e-01)
.fc3_2_weight[32][1](-1.863271e-01)
.fc3_2_weight[32][2](-3.842404e-02)
.fc3_2_weight[32][3](7.793602e-02)
.fc3_2_weight[32][4](1.917437e-01)
.fc3_2_weight[32][5](-7.213156e-02)
.fc3_2_weight[32][6](1.605929e-01)
.fc3_2_weight[32][7](5.562994e-02)
.fc3_2_weight[32][8](1.418459e-01)
.fc3_2_weight[32][9](1.065451e-01)
.fc3_2_weight[32][10](-8.796643e-02)
.fc3_2_weight[32][11](1.181852e-01)
.fc3_2_weight[32][12](1.199120e-01)
.fc3_2_weight[32][13](2.172633e-02)
.fc3_2_weight[32][14](2.110710e-01)
.fc3_2_weight[32][15](-1.344622e-01)
.fc3_2_weight[32][16](1.029575e-01)
.fc3_2_weight[32][17](-1.693892e-01)
.fc3_2_weight[32][18](2.079021e-01)
.fc3_2_weight[32][19](-4.619247e-02)
.fc3_2_weight[33][0](-1.924925e-01)
.fc3_2_weight[33][1](2.025640e-02)
.fc3_2_weight[33][2](-1.264924e-01)
.fc3_2_weight[33][3](-1.360898e-01)
.fc3_2_weight[33][4](-8.268462e-02)
.fc3_2_weight[33][5](-4.781568e-02)
.fc3_2_weight[33][6](-1.410124e-01)
.fc3_2_weight[33][7](-1.719504e-01)
.fc3_2_weight[33][8](1.028716e-01)
.fc3_2_weight[33][9](1.443094e-01)
.fc3_2_weight[33][10](8.423457e-02)
.fc3_2_weight[33][11](1.135936e-01)
.fc3_2_weight[33][12](-1.567695e-01)
.fc3_2_weight[33][13](5.035475e-03)
.fc3_2_weight[33][14](2.634326e-02)
.fc3_2_weight[33][15](-1.910186e-01)
.fc3_2_weight[33][16](6.578016e-02)
.fc3_2_weight[33][17](6.787255e-03)
.fc3_2_weight[33][18](-5.784361e-02)
.fc3_2_weight[33][19](9.846994e-02)
.fc3_2_weight[34][0](1.849233e-01)
.fc3_2_weight[34][1](7.098788e-02)
.fc3_2_weight[34][2](-1.717497e-01)
.fc3_2_weight[34][3](1.908898e-02)
.fc3_2_weight[34][4](-7.912402e-02)
.fc3_2_weight[34][5](2.116540e-01)
.fc3_2_weight[34][6](-2.144018e-02)
.fc3_2_weight[34][7](1.483735e-01)
.fc3_2_weight[34][8](4.250968e-02)
.fc3_2_weight[34][9](2.189510e-01)
.fc3_2_weight[34][10](-2.305663e-02)
.fc3_2_weight[34][11](4.206932e-02)
.fc3_2_weight[34][12](-1.243998e-02)
.fc3_2_weight[34][13](1.084872e-01)
.fc3_2_weight[34][14](-4.942898e-02)
.fc3_2_weight[34][15](-1.880155e-01)
.fc3_2_weight[34][16](5.870572e-02)
.fc3_2_weight[34][17](-2.026848e-01)
.fc3_2_weight[34][18](-4.734413e-02)
.fc3_2_weight[34][19](9.014013e-02)
.fc3_2_weight[35][0](2.088823e-01)
.fc3_2_weight[35][1](2.012825e-01)
.fc3_2_weight[35][2](1.302276e-01)
.fc3_2_weight[35][3](-5.293982e-02)
.fc3_2_weight[35][4](1.928475e-01)
.fc3_2_weight[35][5](4.249260e-03)
.fc3_2_weight[35][6](1.981941e-01)
.fc3_2_weight[35][7](2.010024e-01)
.fc3_2_weight[35][8](1.310379e-01)
.fc3_2_weight[35][9](1.461072e-01)
.fc3_2_weight[35][10](1.334954e-01)
.fc3_2_weight[35][11](-2.920219e-02)
.fc3_2_weight[35][12](-1.097046e-01)
.fc3_2_weight[35][13](-1.524069e-01)
.fc3_2_weight[35][14](2.069936e-01)
.fc3_2_weight[35][15](4.110003e-02)
.fc3_2_weight[35][16](-3.433481e-02)
.fc3_2_weight[35][17](7.806689e-02)
.fc3_2_weight[35][18](1.713167e-01)
.fc3_2_weight[35][19](-9.988973e-02)
.fc3_2_weight[36][0](2.180243e-01)
.fc3_2_weight[36][1](9.238103e-02)
.fc3_2_weight[36][2](-2.128225e-01)
.fc3_2_weight[36][3](2.861351e-02)
.fc3_2_weight[36][4](-6.966227e-02)
.fc3_2_weight[36][5](1.830382e-01)
.fc3_2_weight[36][6](1.798828e-01)
.fc3_2_weight[36][7](-1.422845e-01)
.fc3_2_weight[36][8](1.707144e-01)
.fc3_2_weight[36][9](-4.939631e-02)
.fc3_2_weight[36][10](1.659150e-01)
.fc3_2_weight[36][11](-4.155919e-02)
.fc3_2_weight[36][12](-7.802200e-02)
.fc3_2_weight[36][13](1.695598e-01)
.fc3_2_weight[36][14](-6.372012e-02)
.fc3_2_weight[36][15](1.208730e-01)
.fc3_2_weight[36][16](1.185298e-01)
.fc3_2_weight[36][17](9.795612e-02)
.fc3_2_weight[36][18](1.430476e-01)
.fc3_2_weight[36][19](2.172589e-05)
.fc3_2_weight[37][0](-9.104416e-02)
.fc3_2_weight[37][1](9.930179e-02)
.fc3_2_weight[37][2](-1.405077e-01)
.fc3_2_weight[37][3](-1.053379e-01)
.fc3_2_weight[37][4](5.724072e-02)
.fc3_2_weight[37][5](-5.107024e-02)
.fc3_2_weight[37][6](-1.459648e-01)
.fc3_2_weight[37][7](-1.988439e-01)
.fc3_2_weight[37][8](8.278346e-02)
.fc3_2_weight[37][9](-1.662616e-01)
.fc3_2_weight[37][10](-5.956696e-02)
.fc3_2_weight[37][11](-1.089850e-01)
.fc3_2_weight[37][12](-1.598252e-01)
.fc3_2_weight[37][13](-5.745092e-02)
.fc3_2_weight[37][14](-1.558409e-01)
.fc3_2_weight[37][15](-1.194235e-01)
.fc3_2_weight[37][16](1.153196e-01)
.fc3_2_weight[37][17](-3.918055e-02)
.fc3_2_weight[37][18](-1.921596e-01)
.fc3_2_weight[37][19](1.130984e-01)
.fc3_2_weight[38][0](1.563330e-01)
.fc3_2_weight[38][1](2.851659e-02)
.fc3_2_weight[38][2](2.163543e-01)
.fc3_2_weight[38][3](-1.663892e-02)
.fc3_2_weight[38][4](8.287215e-02)
.fc3_2_weight[38][5](1.576300e-01)
.fc3_2_weight[38][6](1.753808e-01)
.fc3_2_weight[38][7](-2.075953e-01)
.fc3_2_weight[38][8](1.160401e-01)
.fc3_2_weight[38][9](-3.056426e-02)
.fc3_2_weight[38][10](-1.519255e-01)
.fc3_2_weight[38][11](-3.484435e-02)
.fc3_2_weight[38][12](5.358449e-02)
.fc3_2_weight[38][13](-1.374185e-01)
.fc3_2_weight[38][14](-6.924969e-02)
.fc3_2_weight[38][15](4.415125e-02)
.fc3_2_weight[38][16](1.915911e-01)
.fc3_2_weight[38][17](-1.050769e-01)
.fc3_2_weight[38][18](2.119434e-01)
.fc3_2_weight[38][19](-8.586502e-02)
.fc3_2_weight[39][0](-2.042138e-01)
.fc3_2_weight[39][1](1.655678e-01)
.fc3_2_weight[39][2](2.182445e-02)
.fc3_2_weight[39][3](1.109732e-01)
.fc3_2_weight[39][4](2.179311e-01)
.fc3_2_weight[39][5](-1.697469e-01)
.fc3_2_weight[39][6](-4.406299e-02)
.fc3_2_weight[39][7](1.884983e-01)
.fc3_2_weight[39][8](2.181923e-01)
.fc3_2_weight[39][9](-4.153238e-02)
.fc3_2_weight[39][10](1.289189e-01)
.fc3_2_weight[39][11](-1.027061e-01)
.fc3_2_weight[39][12](1.858378e-01)
.fc3_2_weight[39][13](-9.171903e-03)
.fc3_2_weight[39][14](-1.568248e-01)
.fc3_2_weight[39][15](1.398644e-01)
.fc3_2_weight[39][16](-3.899211e-02)
.fc3_2_weight[39][17](-1.555542e-01)
.fc3_2_weight[39][18](1.599708e-01)
.fc3_2_weight[39][19](-3.060330e-02)
// fc3_2_bias: shape (40,)
.fc3_2_bias[0](1.032250e-01)
.fc3_2_bias[1](1.754517e-01)
.fc3_2_bias[2](1.057445e-01)
.fc3_2_bias[3](3.880024e-02)
.fc3_2_bias[4](1.586832e-01)
.fc3_2_bias[5](8.561936e-02)
.fc3_2_bias[6](-1.956682e-02)
.fc3_2_bias[7](-1.651481e-01)
.fc3_2_bias[8](8.951855e-02)
.fc3_2_bias[9](-1.450866e-01)
.fc3_2_bias[10](1.427796e-01)
.fc3_2_bias[11](-5.665630e-03)
.fc3_2_bias[12](-1.760858e-01)
.fc3_2_bias[13](5.764446e-02)
.fc3_2_bias[14](-1.207623e-01)
.fc3_2_bias[15](7.162678e-02)
.fc3_2_bias[16](-2.169067e-02)
.fc3_2_bias[17](-8.132118e-02)
.fc3_2_bias[18](-1.299049e-01)
.fc3_2_bias[19](1.330462e-01)
.fc3_2_bias[20](-1.607449e-01)
.fc3_2_bias[21](-2.210912e-01)
.fc3_2_bias[22](-2.119906e-01)
.fc3_2_bias[23](-1.492920e-01)
.fc3_2_bias[24](-1.599991e-01)
.fc3_2_bias[25](1.467190e-01)
.fc3_2_bias[26](-4.578543e-02)
.fc3_2_bias[27](1.139440e-01)
.fc3_2_bias[28](-3.179006e-02)
.fc3_2_bias[29](1.953227e-01)
.fc3_2_bias[30](-2.419390e-02)
.fc3_2_bias[31](3.766295e-02)
.fc3_2_bias[32](3.371519e-02)
.fc3_2_bias[33](-1.313806e-01)
.fc3_2_bias[34](-1.377890e-01)
.fc3_2_bias[35](1.137944e-01)
.fc3_2_bias[36](-1.150946e-01)
.fc3_2_bias[37](-1.451199e-01)
.fc3_2_bias[38](9.732187e-03)
.fc3_2_bias[39](-1.463207e-01)
// fc4_1_weight: shape (1, 40)
.fc4_1_weight[0][0](-1.626915e-02)
.fc4_1_weight[0][1](5.891532e-02)
.fc4_1_weight[0][2](-6.724734e-02)
.fc4_1_weight[0][3](-1.828812e-02)
.fc4_1_weight[0][4](1.285610e-01)
.fc4_1_weight[0][5](-9.111736e-02)
.fc4_1_weight[0][6](-1.404555e-01)
.fc4_1_weight[0][7](-2.081029e-02)
.fc4_1_weight[0][8](-9.755048e-02)
.fc4_1_weight[0][9](5.730370e-02)
.fc4_1_weight[0][10](-1.316990e-01)
.fc4_1_weight[0][11](-5.221426e-02)
.fc4_1_weight[0][12](-1.128220e-01)
.fc4_1_weight[0][13](-5.568877e-02)
.fc4_1_weight[0][14](1.467640e-01)
.fc4_1_weight[0][15](-2.868590e-02)
.fc4_1_weight[0][16](-1.713495e-02)
.fc4_1_weight[0][17](-1.555891e-01)
.fc4_1_weight[0][18](-8.687560e-02)
.fc4_1_weight[0][19](1.249730e-01)
.fc4_1_weight[0][20](-2.880785e-02)
.fc4_1_weight[0][21](1.190001e-01)
.fc4_1_weight[0][22](1.465555e-01)
.fc4_1_weight[0][23](1.261590e-01)
.fc4_1_weight[0][24](4.593763e-02)
.fc4_1_weight[0][25](-1.982197e-03)
.fc4_1_weight[0][26](6.491153e-02)
.fc4_1_weight[0][27](1.876816e-03)
.fc4_1_weight[0][28](-1.467766e-01)
.fc4_1_weight[0][29](1.108115e-01)
.fc4_1_weight[0][30](1.206717e-02)
.fc4_1_weight[0][31](-9.163775e-02)
.fc4_1_weight[0][32](-2.844065e-03)
.fc4_1_weight[0][33](9.255661e-02)
.fc4_1_weight[0][34](1.291987e-01)
.fc4_1_weight[0][35](-4.955576e-02)
.fc4_1_weight[0][36](-4.411142e-02)
.fc4_1_weight[0][37](1.010903e-01)
.fc4_1_weight[0][38](-1.350494e-01)
.fc4_1_weight[0][39](-3.464848e-02)
// fc4_1_bias: shape (1,)
.fc4_1_bias[0](-8.562896e-02)